{
  "advancedEditorSelectedIdentifier" : "ProjectBrowser",
  "openSceneRelativePaths" : [
    "Scene.usda",
    "Untitled Scene 1.usda",
    "ImmersiveScene.usda"
  ],
  "recentIdentifiers" : {
    "26DBAE76-5DD8-47B6-A085-1B4ADA111097" : [

    ]
  },
  "sceneCameraHistory" : {
    "3BEE00ED-F6F7-4587-9A38-0344675875AD" : [
      {
        "date" : 742671480.740942,
        "title" : "Untitled",
        "transform" : [
          0.99999994,
          0,
          -0,
          0,
          -0,
          0.8721964,
          -0.4891558,
          0,
          0,
          0.4891558,
          0.8721964,
          0,
          0,
          0.1964115,
          0.34019473,
          1
        ]
      }
    ],
    "03CF549C-2230-4277-92A5-80DFB2300A94" : [
      {
        "date" : 742671516.92666,
        "title" : "Untitled",
        "transform" : [
          0.9987842,
          0,
          0.04929644,
          0,
          0.024465313,
          0.8681567,
          -0.49568683,
          0,
          -0.042797066,
          0.49629027,
          0.8671012,
          0,
          0.27695975,
          0.85591936,
          1.8477443,
          1
        ]
      },
      {
        "date" : 742671498.990212,
        "title" : "Untitled",
        "transform" : [
          0.9987842,
          0,
          0.04929644,
          0,
          0.024465313,
          0.8681567,
          -0.49568683,
          0,
          -0.042797063,
          0.4962902,
          0.8671011,
          0,
          -0.138627,
          0.94760644,
          1.774755,
          1
        ]
      },
      {
        "date" : 742671494.705977,
        "title" : "Untitled",
        "transform" : [
          0.74854594,
          0,
          0.6630829,
          0,
          0.32908157,
          0.8681567,
          -0.37149605,
          0,
          -0.5756598,
          0.4962902,
          0.64985514,
          0,
          -1.3371354,
          1.503348,
          1.9167612,
          1
        ]
      },
      {
        "date" : 742671487.384175,
        "title" : "Untitled",
        "transform" : [
          1,
          0,
          0,
          0,
          0,
          0.8681567,
          -0.4962902,
          0,
          0,
          0.4962902,
          0.8681567,
          0,
          0.037936643,
          0.92819566,
          1.4389015,
          1
        ]
      },
      {
        "date" : 742671480.839792,
        "title" : "Untitled",
        "transform" : [
          1,
          0,
          -0,
          0,
          -0,
          0.8681567,
          -0.4962902,
          0,
          0,
          0.4962902,
          0.8681567,
          0,
          -0.0010638982,
          0.7302508,
          1.5520588,
          1
        ]
      }
    ],
    "26DBAE76-5DD8-47B6-A085-1B4ADA111097" : [
      {
        "date" : 741634551.384737,
        "title" : "Untitled",
        "transform" : [
          0.07726183,
          -4.967998e-08,
          -0.9970108,
          0,
          0.031498972,
          0.9995008,
          0.0024409338,
          0,
          0.9965131,
          -0.031593405,
          0.077223435,
          0,
          0.3343933,
          0.12104145,
          0.011174247,
          1
        ]
      },
      {
        "date" : 741634534.440236,
        "title" : "Untitled",
        "transform" : [
          0.07726183,
          -4.967998e-08,
          -0.9970108,
          0,
          0.031498972,
          0.9995008,
          0.0024409338,
          0,
          0.9965131,
          -0.031593405,
          0.077223435,
          0,
          0.3093622,
          0.16603595,
          0.35259002,
          1
        ]
      },
      {
        "date" : 741634526.99475,
        "title" : "Untitled",
        "transform" : [
          0.6360598,
          -4.9770765e-08,
          -0.7716397,
          0,
          0.15142852,
          0.9805554,
          0.12482194,
          0,
          0.75663537,
          -0.19624248,
          0.62369204,
          0,
          0.22554868,
          0.10054293,
          0.5746405,
          1
        ]
      },
      {
        "date" : 741634518.407614,
        "title" : "Untitled",
        "transform" : [
          0.90021324,
          -5.3335093e-08,
          -0.4354493,
          0,
          -0.23836778,
          0.83686686,
          -0.49278268,
          0,
          0.36441308,
          0.5474066,
          0.7533586,
          0,
          0.060651653,
          0.17708479,
          0.35192046,
          1
        ]
      },
      {
        "date" : 741633197.857953,
        "title" : "Untitled",
        "transform" : [
          0.90021324,
          -5.3335093e-08,
          -0.4354493,
          0,
          -0.23836778,
          0.83686686,
          -0.49278268,
          0,
          0.36441308,
          0.5474066,
          0.7533586,
          0,
          0.09756791,
          0.21075341,
          0.309599,
          1
        ]
      },
      {
        "date" : 741632640.089384,
        "title" : "Untitled",
        "transform" : [
          1,
          0,
          -0,
          0,
          -0,
          0.8660253,
          -0.50000006,
          0,
          0,
          0.50000006,
          0.8660253,
          0,
          0,
          0.17977779,
          0.3115843,
          1
        ]
      }
    ],
    "053BAB0A-397B-4DA2-B9D1-0659DC5CECF9" : [
      {
        "date" : 742669436.361711,
        "title" : "Untitled",
        "transform" : [
          0.99999994,
          0,
          -0,
          0,
          -0,
          0.8660254,
          -0.49999988,
          0,
          0,
          0.49999988,
          0.8660254,
          0,
          0,
          0.18734911,
          0.3244982,
          1
        ]
      }
    ],
    "488A998E-D34B-4FEA-8925-43CA9A78C7B2" : [
      {
        "date" : 742671385.244723,
        "title" : "Untitled",
        "transform" : [
          0.99999994,
          0,
          0,
          0,
          0,
          0.8660254,
          -0.49999988,
          0,
          0,
          0.49999988,
          0.8660254,
          0,
          0,
          0.55460703,
          0.9606075,
          1
        ]
      },
      {
        "date" : 742671357.922629,
        "title" : "Untitled",
        "transform" : [
          0.99999994,
          0,
          -0,
          0,
          -0,
          0.8660254,
          -0.49999988,
          0,
          0,
          0.49999988,
          0.8660254,
          0,
          0,
          0.18734911,
          0.3244982,
          1
        ]
      }
    ],
    "C8F0CCF9-34DC-4976-9000-7427CBAC7520" : [
      {
        "date" : 742671351.343006,
        "title" : "Untitled",
        "transform" : [
          0.97753155,
          -1.8283521e-09,
          0.21078901,
          0,
          0.14418562,
          0.72945553,
          -0.6686591,
          0,
          -0.15376124,
          0.68402815,
          0.71306586,
          0,
          -0.06407044,
          0.3203493,
          1.1838623,
          1
        ]
      },
      {
        "date" : 742670182.292008,
        "title" : "Untitled",
        "transform" : [
          0.97753155,
          -1.8283521e-09,
          0.21078901,
          0,
          0.14418562,
          0.72945553,
          -0.6686591,
          0,
          -0.15376124,
          0.68402815,
          0.71306586,
          0,
          -0.09950773,
          0.44315448,
          1.0584166,
          1
        ]
      },
      {
        "date" : 742669510.078436,
        "title" : "Untitled",
        "transform" : [
          0.97753155,
          -1.8283521e-09,
          0.21078901,
          0,
          0.14418562,
          0.72945553,
          -0.6686591,
          0,
          -0.15376124,
          0.68402815,
          0.71306586,
          0,
          -0.034781553,
          0.22889718,
          0.29059178,
          1
        ]
      },
      {
        "date" : 742669435.974186,
        "title" : "Untitled",
        "transform" : [
          0.99999994,
          0,
          -0,
          0,
          -0,
          0.8660254,
          -0.49999988,
          0,
          0,
          0.49999988,
          0.8660254,
          0,
          0,
          0.18734911,
          0.3244982,
          1
        ]
      }
    ]
  },
  "selectedSceneRelativePath" : "ImmersiveScene.usda"
}